0 -37.0028 56.4172 -66.9323 0 88.1399 95.5909 -87.3114 17610.6
1 83.3319 21.5449 -57.6848 0 88.1399 95.5909 -87.3114 6383.65
2 -27.7351 40.0039 93.3958 0 88.1399 95.5909 -87.3114 49172
3 -65.901 47.72 21.7632 0 88.1399 95.5909 -87.3114 37917.5
4 -80.2222 -38.7538 40.0032 0 88.1399 95.5909 -87.3114 62603.3
5 76.4095 82.1904 26.5609 0 88.1399 95.5909 -87.3114 13284.1
6 58.8184 33.0922 31.8397 0 88.1399 95.5909 -87.3114 18962.8
7 -4.85195 65.7385 93.3409 0 88.1399 95.5909 -87.3114 42173.9
8 2.25655 -8.82279 -46.0069 0 88.1399 95.5909 -87.3114 19984.2
9 -6.74209 -14.4578 93.4176 0 88.1399 95.5909 -87.3114 53776.2
10 80.4119 -50.8224 67.3732 0 88.1399 95.5909 -87.3114 45423.9
11 53.6475 12.423 54.3413 0 88.1399 95.5909 -87.3114 28172.1
12 -8.45641 59.0837 -88.9337 0 88.1399 95.5909 -87.3114 10666.2
13 93.6431 76.2485 -32.3344 0 88.1399 95.5909 -87.3114 3426.88
14 -5.59817 59.7698 85.5451 0 88.1399 95.5909 -87.3114 39949.3
15 2.30051 21.4535 43.7469 0 88.1399 95.5909 -87.3114 30041
16 -21.6343 -27.456 -27.8198 0 88.1399 95.5909 -87.3114 30730.2
17 24.7679 25.5556 25.0244 0 88.1399 95.5909 -87.3114 21540.3
18 -22.1778 53.3292 -28.0664 0 88.1399 95.5909 -87.3114 17466
19 57.5189 -10.4546 -31.0548 0 88.1399 95.5909 -87.3114 15348.1
